,Susceptible,Incubated,Infectious-Asymptomatic,Infectious-MildModerateSymptoms,Infectious-SevereSymptoms,Infectious-CriticalSymptoms,Recovered-TemporaryImmunity,Deceased
0,1000,0,0,0,0,0,0,0
1,990,10,0,0,0,0,0,0
2,990,10,0,0,0,0,0,0
3,990,10,0,0,0,0,0,0
4,990,10,0,0,0,0,0,0
5,990,10,0,0,0,0,0,0
6,990,10,0,0,0,0,0,0
7,990,10,0,0,0,0,0,0
8,990,10,0,0,0,0,0,0
9,990,10,0,0,0,0,0,0
10,990,10,0,0,0,0,0,0
11,990,10,0,0,0,0,0,0
12,990,10,0,0,0,0,0,0
13,990,10,0,0,0,0,0,0
14,990,10,0,0,0,0,0,0
15,990,10,0,0,0,0,0,0
16,990,10,0,0,0,0,0,0
17,990,10,0,0,0,0,0,0
18,990,10,0,0,0,0,0,0
19,990,10,0,0,0,0,0,0
20,990,10,0,0,0,0,0,0
21,990,10,0,0,0,0,0,0
22,990,10,0,0,0,0,0,0
23,990,10,0,0,0,0,0,0
24,990,10,0,0,0,0,0,0
25,990,10,0,0,0,0,0,0
26,990,10,0,0,0,0,0,0
27,990,10,0,0,0,0,0,0
28,990,10,0,0,0,0,0,0
29,990,10,0,0,0,0,0,0
30,990,10,0,0,0,0,0,0
31,990,10,0,0,0,0,0,0
32,990,10,0,0,0,0,0,0
33,990,10,0,0,0,0,0,0
34,990,10,0,0,0,0,0,0
35,990,10,0,0,0,0,0,0
36,990,10,0,0,0,0,0,0
37,990,10,0,0,0,0,0,0
38,990,10,0,0,0,0,0,0
39,990,10,0,0,0,0,0,0
40,990,10,0,0,0,0,0,0
41,990,10,0,0,0,0,0,0
42,990,10,0,0,0,0,0,0
43,990,10,0,0,0,0,0,0
44,990,10,0,0,0,0,0,0
45,990,10,0,0,0,0,0,0
46,990,10,0,0,0,0,0,0
47,990,10,0,0,0,0,0,0
48,990,10,0,0,0,0,0,0
49,990,10,0,0,0,0,0,0
50,990,10,0,0,0,0,0,0
51,990,10,0,0,0,0,0,0
52,990,10,0,0,0,0,0,0
53,990,10,0,0,0,0,0,0
54,990,10,0,0,0,0,0,0
55,990,10,0,0,0,0,0,0
56,990,10,0,0,0,0,0,0
57,990,10,0,0,0,0,0,0
58,990,10,0,0,0,0,0,0
59,990,10,0,0,0,0,0,0
60,990,10,0,0,0,0,0,0
61,990,10,0,0,0,0,0,0
62,990,10,0,0,0,0,0,0
63,990,10,0,0,0,0,0,0
64,990,10,0,0,0,0,0,0
65,990,10,0,0,0,0,0,0
66,990,10,0,0,0,0,0,0
67,990,10,0,0,0,0,0,0
68,990,10,0,0,0,0,0,0
69,990,10,0,0,0,0,0,0
70,990,10,0,0,0,0,0,0
71,990,10,0,0,0,0,0,0
72,990,10,0,0,0,0,0,0
73,990,8,1,1,0,0,0,0
74,990,8,1,1,0,0,0,0
75,990,8,1,1,0,0,0,0
76,990,8,1,1,0,0,0,0
77,989,9,1,1,0,0,0,0
78,989,9,1,1,0,0,0,0
79,988,10,1,1,0,0,0,0
80,984,14,1,1,0,0,0,0
81,983,15,1,1,0,0,0,0
82,979,19,1,1,0,0,0,0
83,978,20,1,1,0,0,0,0
84,977,21,1,1,0,0,0,0
85,972,26,1,1,0,0,0,0
86,971,27,1,1,0,0,0,0
87,970,28,1,1,0,0,0,0
88,970,28,1,1,0,0,0,0
89,970,28,1,1,0,0,0,0
90,969,29,1,1,0,0,0,0
91,969,29,1,1,0,0,0,0
92,969,29,1,1,0,0,0,0
93,969,29,1,1,0,0,0,0
94,969,29,1,1,0,0,0,0
95,969,29,1,1,0,0,0,0
96,968,30,1,1,0,0,0,0
97,968,28,1,3,0,0,0,0
98,968,28,1,3,0,0,0,0
99,966,30,1,3,0,0,0,0
100,966,30,1,3,0,0,0,0
101,966,30,1,3,0,0,0,0
102,965,31,1,3,0,0,0,0
103,964,32,1,3,0,0,0,0
104,961,35,1,3,0,0,0,0
105,959,37,1,3,0,0,0,0
106,956,40,1,3,0,0,0,0
107,954,42,1,3,0,0,0,0
108,954,42,1,3,0,0,0,0
109,953,43,1,3,0,0,0,0
110,951,45,1,3,0,0,0,0
111,951,45,1,3,0,0,0,0
112,951,45,1,3,0,0,0,0
113,951,45,1,3,0,0,0,0
114,951,45,1,3,0,0,0,0
115,951,45,1,3,0,0,0,0
116,951,45,1,3,0,0,0,0
117,951,45,1,3,0,0,0,0
118,951,45,1,3,0,0,0,0
119,951,45,1,3,0,0,0,0
120,951,45,1,3,0,0,0,0
121,951,42,3,4,0,0,0,0
122,951,42,3,4,0,0,0,0
123,951,42,3,4,0,0,0,0
124,949,44,3,4,0,0,0,0
125,948,45,3,4,0,0,0,0
126,948,45,3,4,0,0,0,0
127,948,45,3,4,0,0,0,0
128,948,45,3,4,0,0,0,0
129,947,46,3,4,0,0,0,0
130,946,47,3,4,0,0,0,0
131,946,47,3,4,0,0,0,0
132,946,47,3,4,0,0,0,0
133,946,47,3,4,0,0,0,0
134,946,46,3,5,0,0,0,0
135,942,50,3,5,0,0,0,0
136,941,51,3,5,0,0,0,0
137,941,51,3,5,0,0,0,0
138,941,51,3,5,0,0,0,0
139,941,51,3,5,0,0,0,0
140,940,52,3,5,0,0,0,0
141,940,52,3,5,0,0,0,0
142,940,52,3,5,0,0,0,0
143,940,52,3,5,0,0,0,0
144,940,52,3,5,0,0,0,0
145,940,52,3,5,0,0,0,0
146,940,52,3,5,0,0,0,0
147,940,52,3,5,0,0,0,0
148,940,52,3,5,0,0,0,0
149,940,51,3,6,0,0,0,0
150,940,51,3,6,0,0,0,0
151,940,51,3,6,0,0,0,0
152,937,53,3,7,0,0,0,0
153,936,54,3,7,0,0,0,0
154,936,54,3,7,0,0,0,0
155,935,54,4,7,0,0,0,0
156,935,54,4,7,0,0,0,0
157,935,53,5,7,0,0,0,0
158,935,53,5,7,0,0,0,0
159,935,53,5,7,0,0,0,0
160,935,53,5,7,0,0,0,0
161,935,53,5,7,0,0,0,0
162,934,54,5,7,0,0,0,0
163,934,54,5,7,0,0,0,0
164,933,55,5,7,0,0,0,0
165,933,55,5,7,0,0,0,0
166,932,56,5,7,0,0,0,0
167,932,56,5,7,0,0,0,0
168,932,56,5,7,0,0,0,0
169,932,55,5,8,0,0,0,0
170,931,56,5,8,0,0,0,0
171,930,57,5,8,0,0,0,0
172,929,58,5,8,0,0,0,0
173,928,59,5,8,0,0,0,0
174,928,59,5,8,0,0,0,0
175,928,59,5,8,0,0,0,0
176,928,57,6,9,0,0,0,0
177,928,56,6,10,0,0,0,0
178,927,57,6,10,0,0,0,0
179,926,57,6,11,0,0,0,0
180,926,57,6,11,0,0,0,0
181,925,56,6,13,0,0,0,0
182,923,57,6,14,0,0,0,0
183,923,57,6,14,0,0,0,0
184,923,57,6,14,0,0,0,0
185,921,59,6,14,0,0,0,0
186,920,60,6,14,0,0,0,0
187,918,62,6,14,0,0,0,0
188,917,63,6,14,0,0,0,0
189,917,63,6,14,0,0,0,0
190,917,63,6,14,0,0,0,0
191,915,65,6,14,0,0,0,0
192,914,65,7,14,0,0,0,0
193,913,65,7,15,0,0,0,0
194,912,66,7,15,0,0,0,0
195,912,66,7,15,0,0,0,0
196,911,67,7,15,0,0,0,0
197,911,67,7,15,0,0,0,0
198,910,67,7,16,0,0,0,0
199,908,69,7,16,0,0,0,0
200,907,70,7,16,0,0,0,0
201,907,70,7,16,0,0,0,0
202,906,69,8,17,0,0,0,0
203,906,69,8,17,0,0,0,0
204,905,70,8,17,0,0,0,0
205,905,69,8,18,0,0,0,0
206,905,69,8,18,0,0,0,0
207,905,68,8,19,0,0,0,0
208,904,69,8,19,0,0,0,0
209,903,70,8,19,0,0,0,0
210,903,70,8,19,0,0,0,0
211,901,72,8,19,0,0,0,0
212,900,73,8,19,0,0,0,0
213,899,74,8,19,0,0,0,0
214,899,74,8,19,0,0,0,0
215,898,75,8,19,0,0,0,0
216,898,75,8,19,0,0,0,0
217,898,75,7,19,0,0,0,0
218,898,74,7,20,0,0,0,0
219,898,74,7,20,0,0,0,0
220,898,73,8,20,0,0,0,0
221,898,73,8,20,0,0,0,0
222,897,74,8,20,0,0,0,0
223,895,75,8,21,0,0,0,0
224,895,74,8,22,0,0,0,0
225,893,76,8,22,0,0,0,0
226,893,73,8,25,0,0,0,0
227,889,76,8,26,0,0,0,0
228,884,81,8,26,0,0,0,0
229,884,80,8,27,0,0,0,0
230,884,80,8,27,0,0,0,0
231,882,81,8,28,0,0,0,0
232,880,83,8,28,0,0,0,0
233,878,85,8,28,0,0,0,0
234,877,86,8,28,0,0,0,0
235,877,86,8,28,0,0,0,0
236,876,86,8,29,0,0,0,0
237,875,87,8,29,0,0,0,0
238,873,89,8,29,0,0,0,0
239,872,90,8,29,0,0,0,0
240,870,92,8,29,0,0,0,0
241,870,92,8,29,0,0,0,0
242,868,94,8,29,0,0,0,0
243,868,93,8,30,0,0,0,0
244,868,92,8,31,0,0,0,0
245,868,92,8,30,0,0,0,0
246,868,92,8,30,0,0,0,0
247,868,92,8,30,0,0,0,0
248,867,89,9,33,0,0,0,0
249,866,88,9,35,0,0,0,0
250,865,88,10,34,0,0,0,0
251,863,90,10,34,0,0,0,0
252,861,91,10,35,0,0,0,0
253,860,91,10,36,0,0,0,0
254,860,91,10,36,0,0,0,0
255,860,90,11,36,0,0,0,0
256,860,89,12,36,0,0,0,0
257,858,90,12,37,0,0,0,0
258,858,88,12,39,0,0,0,0
259,858,87,12,40,0,0,0,0
260,857,88,12,40,0,0,0,0
261,855,90,12,40,0,0,0,0
262,854,91,12,40,0,0,0,0
263,852,93,12,40,0,0,0,0
264,852,93,12,40,0,0,0,0
265,853,93,10,38,1,0,0,0
266,853,93,10,38,1,0,0,0
267,852,94,10,38,1,0,0,0
268,851,95,10,38,1,0,0,0
269,851,95,10,39,1,0,0,0
270,850,95,10,40,1,0,0,0
271,849,96,10,40,1,0,0,0
272,848,96,11,40,1,0,0,0
273,848,94,11,42,1,0,0,0
274,849,92,12,42,1,0,0,0
275,849,90,12,44,1,0,0,0
276,849,89,12,45,1,0,0,0
277,847,90,11,44,2,0,0,0
278,847,88,11,46,2,0,0,0
279,846,89,11,45,2,0,0,0
280,845,90,11,45,2,0,0,0
281,845,89,11,46,2,0,0,0
282,845,89,11,46,2,0,0,0
283,844,90,11,46,2,0,0,0
284,844,89,11,47,2,0,0,0
285,843,90,11,47,2,0,0,0
286,840,93,11,47,2,0,0,0
287,838,94,11,48,2,0,0,0
288,836,96,10,48,2,0,0,0
289,834,101,10,46,2,0,0,0
290,834,101,10,46,2,0,0,0
291,833,101,11,46,2,0,0,0
292,832,102,11,46,2,0,0,0
293,831,102,11,46,2,0,0,0
294,830,103,11,46,2,0,0,0
295,829,101,11,48,2,0,0,0
296,829,101,11,48,2,0,0,0
297,829,101,11,48,2,0,0,0
298,829,101,12,47,2,0,0,0
299,829,100,12,47,2,0,0,0
300,829,99,12,48,2,0,0,0
301,831,99,12,48,2,0,0,0
302,831,98,12,49,2,0,0,0
303,832,97,12,50,2,0,0,0
304,832,97,12,50,2,0,0,0
305,832,96,13,50,2,0,0,0
306,832,96,13,50,2,0,0,0
307,830,97,14,50,2,0,0,0
308,830,97,14,50,2,0,0,0
309,830,97,14,50,2,0,0,0
310,830,96,14,51,2,0,0,0
311,829,97,14,51,2,0,0,0
312,830,96,14,52,2,0,0,0
313,831,97,14,50,2,0,0,0
314,831,96,14,51,2,0,0,0
315,831,95,14,51,3,0,0,0
316,830,94,13,52,3,0,0,0
317,831,94,13,52,3,0,0,0
318,831,94,13,51,3,0,0,0
319,829,97,13,50,3,0,0,0
320,829,95,13,52,3,0,0,0
321,827,96,13,51,3,0,0,0
322,828,95,12,51,3,0,0,0
323,828,96,12,51,3,0,0,0
324,828,94,13,51,3,0,0,0
325,828,94,13,50,3,0,0,0
326,827,95,13,50,3,0,0,0
327,827,95,12,49,4,0,0,0
328,827,93,11,51,4,0,0,0
329,827,93,10,51,4,0,0,0
330,827,92,10,52,4,0,0,0
331,826,93,10,52,4,0,0,0
332,824,94,10,53,4,0,0,0
333,822,94,12,53,4,0,0,0
334,822,93,12,54,4,0,0,0
335,821,93,12,55,4,0,0,0
336,821,93,12,55,4,0,0,0
337,823,92,13,55,4,0,0,0
338,823,91,13,55,4,0,0,0
339,822,92,13,55,4,0,0,0
340,824,92,13,55,4,0,0,0
341,824,92,13,55,4,0,0,0
342,823,94,13,55,4,0,0,0
343,823,94,13,55,4,0,0,0
344,820,97,11,53,5,0,0,0
345,820,98,12,53,5,0,0,0
346,822,98,11,52,5,0,0,0
347,818,101,12,52,5,0,0,0
348,818,101,13,52,5,0,0,0
349,816,104,13,50,5,0,0,0
350,816,104,14,47,5,0,0,0
351,817,103,14,48,5,0,0,0
352,816,105,14,48,5,0,0,0
353,816,104,15,49,5,0,0,0
354,816,103,15,50,5,0,0,0
355,815,101,17,51,5,0,0,0
356,814,101,18,51,5,0,0,0
357,814,100,18,52,5,0,0,0
358,814,100,18,51,5,0,0,0
359,814,99,19,51,5,0,0,0
360,814,98,20,51,5,0,0,0
361,812,99,21,51,5,0,0,0
362,813,99,21,51,5,0,0,0
363,812,100,21,50,5,0,0,0
364,812,99,21,51,5,0,0,0
365,811,100,21,51,5,0,0,0
366,811,98,22,52,5,0,0,0
367,811,99,22,52,5,0,0,0
368,813,99,22,52,5,0,0,0
369,813,98,23,51,6,0,0,0
370,811,101,22,52,6,0,0,0
371,809,102,21,52,6,0,0,0
372,808,101,21,54,6,0,0,0
373,802,108,21,54,6,0,0,0
374,805,108,21,55,6,0,0,0
375,802,109,21,57,6,0,0,0
376,799,112,21,57,6,0,0,0
377,798,113,21,57,6,0,0,0
378,798,113,21,57,6,0,0,0
379,796,115,21,56,6,0,0,0
380,794,117,21,56,6,0,0,0
381,793,118,21,56,6,0,0,0
382,793,118,22,56,6,0,0,0
383,792,119,22,55,7,0,0,0
384,790,121,22,55,7,0,0,0
385,787,123,22,56,7,0,0,0
386,785,125,22,56,7,0,0,0
387,785,126,22,56,7,0,0,0
388,785,126,22,56,7,0,0,0
389,785,126,22,55,8,0,0,0
390,785,126,22,55,8,0,0,0
391,785,125,22,56,8,0,0,0
392,786,124,23,54,10,0,0,0
393,785,124,24,52,11,0,0,0
394,786,124,24,52,11,0,0,0
395,785,126,24,53,11,0,0,0
396,782,129,24,52,11,0,0,0
397,776,136,24,52,11,0,0,0
398,775,137,24,51,11,0,0,0
399,774,137,24,51,11,0,0,0
400,773,136,24,54,11,0,0,0
401,772,136,25,54,11,0,0,0
402,770,138,25,52,11,0,0,0
403,771,137,24,53,11,0,0,0
404,771,136,24,54,11,0,0,0
405,770,135,25,56,11,0,0,0
406,769,132,26,59,11,0,0,0
407,769,129,27,61,11,0,0,0
408,767,130,28,61,11,0,0,0
409,766,129,29,62,11,0,0,0
410,765,129,29,63,11,0,0,0
411,763,131,29,63,11,0,0,0
412,763,129,29,65,11,0,0,0
413,763,129,29,65,11,0,0,0
414,763,128,30,65,11,0,0,0
415,763,126,30,67,11,0,0,0
416,759,129,30,65,12,0,0,0
417,748,141,29,65,12,0,0,0
418,745,144,29,64,12,0,0,0
419,740,148,28,64,12,0,0,0
420,737,151,28,65,12,0,0,0
421,735,151,28,68,12,0,0,0
422,733,154,28,67,12,0,0,0
423,730,158,28,65,13,0,0,0
424,728,161,28,65,13,0,0,0
425,724,165,28,64,13,0,0,0
426,723,168,28,65,13,0,0,0
427,719,173,28,65,13,0,0,0
428,720,172,28,67,13,0,0,0
429,719,171,27,68,13,0,0,0
430,718,172,27,68,13,0,0,0
431,718,170,28,69,13,0,0,0
432,718,170,27,70,13,0,0,0
433,718,167,27,71,14,0,0,0
434,717,168,27,69,14,0,0,0
435,717,167,26,70,14,0,0,0
436,717,167,26,69,14,0,0,0
437,715,167,27,70,14,0,0,0
438,715,167,27,70,14,0,0,0
439,715,166,27,71,14,0,0,0
440,716,167,27,71,14,0,0,0
441,711,172,26,72,14,0,0,0
442,706,177,27,73,14,0,0,0
443,706,176,28,74,14,0,0,0
444,704,178,28,72,14,0,0,0
445,701,177,30,74,14,0,0,0
446,697,181,30,76,14,0,0,0
447,695,183,30,76,14,0,0,0
448,693,185,30,75,14,0,0,0
449,691,186,30,77,14,0,0,0
450,689,188,30,77,14,0,0,0
451,688,188,30,77,14,0,0,0
452,687,188,29,77,14,0,0,0
453,688,188,30,76,15,0,0,0
454,688,188,29,76,15,0,0,0
455,688,188,29,74,15,0,0,0
456,688,187,28,76,15,0,0,0
457,689,186,28,76,15,0,0,0
458,690,186,29,75,15,0,0,0
459,690,184,30,77,15,0,0,0
460,691,184,30,77,15,0,0,0
461,691,183,30,78,15,0,0,0
462,688,185,30,78,15,0,0,0
463,686,185,30,79,15,0,0,0
464,685,186,30,79,15,0,0,0
465,677,193,30,82,15,0,0,0
466,670,199,30,83,15,0,0,0
467,667,201,31,82,16,0,0,0
468,662,207,30,83,16,0,0,0
469,657,212,30,83,16,0,0,0
470,656,213,30,83,16,0,0,0
471,651,219,30,82,16,0,0,0
472,648,222,30,82,16,0,0,0
473,647,223,30,82,16,0,0,0
474,646,223,30,82,16,0,0,0
475,645,225,30,84,16,0,0,0
476,649,223,30,85,16,0,0,0
477,648,223,31,86,16,0,0,0
478,649,224,31,88,16,0,0,0
479,652,224,31,88,16,0,0,0
480,653,223,31,89,16,0,0,0
481,654,222,31,90,16,0,0,0
482,654,223,31,91,16,0,0,0
483,654,222,31,92,16,0,0,0
484,654,222,31,92,16,0,0,0
485,652,223,33,94,16,0,0,0
486,653,223,33,94,16,0,0,0
487,654,221,34,92,17,0,0,0
488,651,222,34,93,17,0,0,0
489,645,225,35,95,17,0,0,0
490,642,229,35,95,17,0,0,0
491,635,236,37,95,17,0,0,0
492,632,237,36,99,17,0,0,0
493,628,236,36,102,17,0,0,0
494,622,240,36,104,17,0,0,0
495,620,240,38,106,17,0,0,0
496,615,243,38,109,17,0,0,0
497,616,243,40,110,17,0,0,0
498,615,244,40,112,17,0,0,0
499,610,248,40,113,17,0,0,0
500,611,248,41,111,17,0,0,0
501,611,248,41,112,17,0,0,0
502,610,249,40,112,17,0,0,0
503,606,253,39,112,17,0,0,0
504,606,253,39,113,17,0,0,0
505,606,252,39,116,17,0,0,0
506,606,251,40,116,17,0,0,0
507,604,252,40,116,18,0,0,0
508,603,253,42,116,18,0,0,0
509,602,254,42,116,18,0,0,0
510,600,257,42,116,18,0,0,0
511,602,258,42,117,19,0,0,0
512,599,260,43,120,19,0,0,0
513,598,260,44,122,19,0,0,0
514,592,265,45,124,19,0,0,0
515,589,264,48,128,19,0,0,0
516,589,262,50,128,19,0,0,0
517,592,258,51,131,19,0,0,0
518,589,259,53,134,20,0,0,0
519,586,261,53,136,20,0,0,0
520,584,261,54,136,21,0,0,0
521,583,262,54,138,21,0,0,0
522,583,263,54,139,21,0,0,0
523,584,261,54,142,21,0,0,0
524,584,260,53,138,21,0,0,0
525,582,263,51,138,22,0,0,0
526,582,263,53,139,22,0,0,0
527,583,261,53,141,22,0,0,0
528,581,261,54,142,22,0,0,0
529,580,263,54,142,22,0,0,0
530,579,263,55,143,22,0,0,0
531,578,263,55,143,22,0,0,0
532,577,264,55,142,22,0,0,0
533,579,264,56,142,22,0,0,0
534,580,264,57,142,22,0,0,0
535,580,264,57,143,22,0,0,0
536,579,265,57,143,22,0,0,0
537,580,257,59,149,22,0,0,0
538,579,253,60,155,22,0,0,0
539,574,256,61,151,22,0,0,0
540,574,256,63,149,22,0,0,0
541,571,255,66,151,22,0,0,0
542,568,256,67,155,22,0,0,0
543,565,256,70,164,22,0,0,0
544,563,258,72,165,22,0,0,0
545,562,257,76,160,22,0,0,0
546,558,260,77,161,22,0,0,0
547,555,260,78,165,22,0,0,0
548,552,263,79,166,22,0,0,0
549,552,265,79,167,22,0,0,0
550,551,264,82,167,22,0,0,0
551,553,264,82,168,22,0,0,0
552,554,264,82,167,22,0,0,0
553,552,267,82,168,21,0,0,1
554,550,269,83,171,21,0,0,1
555,547,273,83,171,21,0,0,1
556,548,274,83,172,21,0,0,1
557,549,274,85,172,21,0,0,1
558,550,274,88,172,21,0,0,1
559,549,275,88,171,21,0,0,1
560,547,274,87,173,21,0,0,1
561,545,271,92,175,21,0,0,1
562,544,270,91,170,21,0,0,1
563,543,270,91,170,21,0,0,1
564,542,270,93,169,21,0,0,1
565,539,269,96,171,21,0,0,1
566,534,271,99,172,21,0,0,1
567,529,275,100,174,22,0,0,1
568,529,269,101,173,22,0,0,1
569,531,268,104,182,22,0,0,1
570,529,268,104,184,22,0,0,1
571,526,268,103,185,22,0,0,1
572,524,270,103,183,22,0,0,1
573,521,272,104,183,22,0,0,1
574,519,275,104,183,22,0,0,1
575,517,277,104,177,22,0,0,1
576,519,275,104,179,22,0,0,1
577,519,274,104,179,22,0,0,1
578,519,272,105,179,22,0,0,1
579,517,274,106,179,22,0,0,1
580,516,275,107,181,22,0,0,1
581,512,278,108,181,22,0,0,1
582,511,279,107,182,22,0,0,1
583,510,281,105,181,23,0,0,1
584,511,283,105,182,23,0,0,1
585,506,281,104,191,23,0,0,1
586,508,278,101,191,24,0,0,1
587,508,275,101,198,24,0,0,1
588,509,273,103,206,24,0,0,1
589,509,273,103,208,23,1,0,1
590,508,269,104,213,23,1,0,1
591,507,266,109,215,24,1,0,1
592,506,261,108,218,24,1,0,1
593,506,258,105,220,24,1,0,1
594,505,257,106,222,25,1,0,1
595,508,258,106,225,25,1,0,1
596,503,263,110,226,25,1,0,1
597,502,263,111,227,25,1,0,1
598,501,265,111,225,25,1,0,1
599,499,267,115,231,25,1,0,1
600,496,269,115,233,25,1,0,1
601,494,271,113,235,26,1,0,1
602,495,270,109,234,27,1,0,1
603,493,273,107,235,27,1,0,1
604,493,274,107,235,27,1,0,1
605,491,275,107,242,27,1,0,1
606,491,273,109,243,27,1,0,1
607,492,272,109,241,28,1,0,1
608,489,270,113,240,27,1,0,1
609,490,268,110,238,26,1,0,1
610,490,262,113,242,26,1,0,1
611,487,261,117,246,26,1,0,1
612,486,257,120,251,26,1,0,1
613,486,256,120,253,26,1,0,1
614,486,255,121,258,26,1,0,1
615,486,251,125,261,27,1,0,1
616,487,250,128,263,27,1,0,1
617,486,250,128,266,27,1,0,1
618,486,246,129,264,27,1,0,1
619,485,245,130,259,27,1,0,1
620,483,246,132,262,27,1,0,1
621,482,248,129,265,28,1,0,1
622,482,249,128,263,28,1,0,1
623,482,250,131,268,28,1,0,1
624,480,254,129,267,28,1,0,1
625,477,255,131,268,28,1,0,1
626,475,257,132,273,28,1,0,1
627,474,258,133,279,28,1,0,1
628,474,258,132,282,28,1,0,1
629,472,259,133,287,28,1,0,1
630,472,257,131,284,28,1,0,1
631,472,258,134,300,29,1,0,1
632,472,260,134,301,29,1,0,1
633,474,259,132,294,27,1,0,1
634,474,256,133,302,27,1,0,1
635,473,255,136,305,27,1,0,1
636,472,255,135,309,28,1,0,1
637,475,252,135,310,28,1,0,1
638,474,250,135,310,27,1,0,1
639,476,247,138,311,27,1,0,1
640,476,246,140,316,27,1,0,1
641,477,246,138,318,27,1,0,1
642,478,246,139,319,27,1,0,1
643,477,245,138,321,27,1,0,1
644,475,246,140,324,29,1,0,1
645,475,246,141,330,28,1,0,1
646,476,245,141,327,28,1,0,1
647,472,246,139,325,28,1,0,1
648,470,248,141,325,28,1,0,1
649,470,250,144,326,28,1,0,1
650,468,252,145,327,28,1,0,1
651,468,249,147,333,27,1,0,1
652,463,253,148,333,27,1,0,1
653,461,255,148,330,29,1,0,1
654,461,254,147,328,29,1,0,1
655,462,253,150,329,29,1,0,1
656,460,255,152,330,28,2,0,1
657,461,253,152,331,29,2,0,1
658,463,249,155,333,31,2,0,1
659,466,245,158,330,32,2,0,1
660,469,241,162,332,32,2,0,1
661,474,239,156,326,31,2,0,1
662,476,236,156,328,32,2,0,1
663,475,235,157,331,32,2,0,1
664,473,238,155,325,39,2,0,1
665,473,238,155,321,40,2,0,1
666,470,241,158,326,42,2,0,1
667,473,241,155,320,41,2,0,1
668,475,240,161,322,41,2,0,1
669,474,237,164,332,41,2,0,1
670,471,240,163,344,35,2,0,1
671,468,242,165,349,35,2,0,1
672,466,243,167,345,34,2,0,1
673,463,244,168,345,40,2,0,1
674,463,242,169,348,40,2,0,1
675,463,241,172,357,40,2,0,1
676,462,242,172,363,42,2,0,1
677,462,239,174,371,42,2,0,1
678,460,240,167,370,35,2,0,1
679,456,243,166,374,35,2,0,1
680,456,241,166,381,35,2,0,1
681,460,237,167,372,38,2,0,1
682,461,234,169,374,38,2,0,1
683,460,233,172,385,39,2,0,1
684,459,235,169,385,41,2,0,1
685,464,229,174,380,44,1,0,2
686,465,227,172,383,44,1,0,2
687,469,222,170,373,44,1,0,2
688,472,224,172,372,44,1,0,2
689,472,222,175,378,45,1,0,2
690,470,222,177,392,46,1,0,2
691,470,219,179,389,46,1,0,2
692,469,217,184,396,46,1,0,2
693,469,215,179,398,45,1,0,2
694,469,214,181,402,45,1,0,2
695,469,213,180,404,45,1,0,2
696,469,214,183,408,52,1,0,2
697,469,215,180,405,52,1,0,2
698,469,215,179,403,52,1,0,2
699,469,215,178,402,52,1,0,2
700,469,213,177,398,52,1,0,2
701,470,211,176,398,54,1,0,2
702,470,212,174,397,54,1,0,2
703,468,213,178,406,54,1,0,2
704,470,210,177,403,53,0,0,3
705,474,210,171,407,53,0,0,3
706,476,210,173,407,52,0,0,3
707,479,206,177,417,54,0,0,3
708,482,202,175,422,56,0,0,3
709,483,203,179,429,58,0,0,3
710,488,202,174,424,59,0,0,3
711,489,203,171,422,57,0,0,3
712,487,205,173,417,57,0,0,3
713,486,207,172,419,57,0,0,3
714,487,206,173,419,58,0,0,3
715,492,204,172,424,59,0,0,3
716,490,205,172,424,60,0,0,3
717,491,203,174,421,62,0,0,3
718,492,201,178,422,62,0,0,3
719,493,198,176,433,56,0,0,3
